[67, 36, 60, 81, 149, 11, 38, 25, 107, 36]
[31, 4, 57, 34, 104, 56, 35, 100, 56, 100]
[145, 87, 29, 129, 44, 28, 18, 111, 91, 113]
[5, 52, 67, 113, 92, 112, 76, 20, 152, 80]
[90, 13, 76, 136, 147, 136, 101, 65, 123, 11]
[47, 154, 147, 92, 89, 7, 39, 116, 127, 48]
[12, 127, 94, 64, 50, 24, 7, 19, 142, 17]
[92, 22, 79, 114, 16, 110, 156, 36, 0, 122]
[29, 128, 114, 148, 73, 57, 49, 63, 132, 35]
[153, 42, 57, 120, 123, 98, 34, 63, 129, 100]


[1660]
[1650]
[2416]
[2104]
[2143]
[2641]
[1804]
[1807]
[2458]
[2521]

[99, 111, 102, 102, 101, 101, 99, 108, 117, 98]
